> (run-analysis 10)

******** Results of Night A **********

******* Average LatDev for time points **********
Day	21:00	00:00	03:00	06:00 
2	.167	.167	.168	.168
3	.167	.167	.168	.168
4	.167	.167	.167	.168
5	.167	.167	.167	.168
6	.167	.167	.167	.168
* 34 h break *
9	.167	.167	.167	.168
10	.167	.167	.167	.168
11	.167	.167	.167	.168
12	.167	.167	.167	.168
13	.167	.167	.167	.168

******* Average STEX3 for time points **********
Day	21:00	00:00	03:00	06:00 
2	14.051	14.027	14.259	14.521
3	13.781	13.898	14.226	14.329
4	13.989	13.927	14.006	14.339
5	13.774	13.960	14.006	14.316
6	13.858	13.888	13.910	14.333
* 34 h break *
9	13.907	13.899	13.958	14.453
10	13.880	14.096	14.010	14.305
11	13.885	13.956	13.957	14.144
12	13.766	13.885	14.013	14.203
13	13.830	13.823	13.944	14.202

******* Average SteeringDev for time points **********
Day	21:00	00:00	03:00	06:00 
2	.007	.006	.006	.006
3	.006	.006	.007	.007
4	.007	.007	.007	.006
5	.008	.007	.007	.005
6	.006	.006	.006	.004
* 34 h break *
9	.005	.006	.006	.007
10	.006	.006	.007	.006
11	.006	.006	.006	.006
12	.005	.005	.006	.006
13	.006	.006	.006	.005

******* Average LatVel for time points **********
Day	21:00	00:00	03:00	06:00 
2	.095	.095	.096	.096
3	.095	.096	.096	.096
4	.096	.095	.096	.096
5	.095	.096	.096	.096
6	.095	.095	.095	.096
* 34 h break *
9	.095	.095	.096	.096
10	.095	.095	.096	.096
11	.095	.095	.096	.096
12	.095	.095	.096	.096
13	.095	.095	.095	.096

******* Average brakeRT for time points **********
Day	21:00	00:00	03:00	06:00 
2	.000	.000	.000	.000
3	.000	.000	.000	.000
4	.000	.000	.000	.000
5	.000	.000	.000	.000
6	.000	.000	.000	.000
* 34 h break *
9	.000	.000	.000	.000
10	.000	.000	.000	.000
11	.000	.000	.000	.000
12	.000	.000	.000	.000
13	.000	.000	.000	.000

******* Average headingError for time points **********
Day	21:00	00:00	03:00	06:00 
2	.495	.493	.496	.501
3	.494	.495	.497	.497
4	.495	.494	.495	.497
5	.494	.494	.495	.497
6	.493	.494	.494	.497
* 34 h break *
9	.493	.494	.495	.498
10	.494	.494	.494	.497
11	.494	.494	.495	.497
12	.494	.494	.494	.496
13	.493	.494	.494	.496

******* Average SpeedDev for time points **********
Day	21:00	00:00	03:00	06:00 
2	.000	.000	.000	.000
3	.000	.000	.000	.000
4	.000	.000	.000	.000
5	.000	.000	.000	.000
6	.000	.000	.000	.000
* 34 h break *
9	.000	.000	.000	.000
10	.000	.000	.000	.000
11	.000	.000	.000	.000
12	.000	.000	.000	.000
13	.000	.000	.000	.000

******* Fatigue BioMath values for time points **********
Day	21:00	00:00	03:00	06:00 
2	3.293	3.935	5.174	7.490
3	3.067	3.641	4.516	6.159
4	2.805	3.380	4.235	5.824
5	2.640	3.217	4.070	5.651
6	2.521	3.099	3.954	5.541
* 34 h break *
7	2.482	3.099	4.205	6.306
8	2.362	2.943	3.821	5.460
9	2.288	2.869	3.729	5.324
10	2.254	2.835	3.690	5.273
11	2.231	2.812	3.667	5.249



########################
> (run-analysis 10)

******** Results of Night B **********

******* Average LatDev for time points **********
Day	21:00	00:00	03:00	06:00 
2	.167	.167	.167	110.168
3	.167	.167	.167	.168
4	.167	.167	.167	.168
5	.167	.167	.167	.168
6	.167	.167	.167	.168
* 34 h break *
9	.167	.167	.167	.168
10	.167	.167	.167	.168
11	.167	.167	.167	.168
12	.167	.167	.167	.167
13	.167	.167	.167	.168

******* Average STEX3 for time points **********
Day	21:00	00:00	03:00	06:00 
2	13.920	14.002	14.367	15.936
3	13.748	14.005	14.035	14.346
4	13.932	13.758	14.158	14.110
5	13.848	13.958	14.106	14.145
6	13.814	13.949	13.958	14.251
* 34 h break *
9	13.854	13.848	14.047	14.327
10	13.799	13.970	14.004	14.350
11	13.815	13.906	13.987	14.160
12	13.811	13.928	13.782	14.233
13	13.845	13.955	14.110	14.122

******* Average SteeringDev for time points **********
Day	21:00	00:00	03:00	06:00 
2	.007	.006	.006	.108
3	.007	.008	.006	.008
4	.007	.008	.008	.007
5	.006	.007	.007	.008
6	.008	.008	.007	.007
* 34 h break *
9	.006	.007	.005	.005
10	.006	.006	.007	.006
11	.004	.007	.006	.005
12	.006	.007	.006	.006
13	.007	.007	.005	.006

******* Average LatVel for time points **********
Day	21:00	00:00	03:00	06:00 
2	.095	.095	.096	.611
3	.095	.095	.096	.096
4	.095	.095	.096	.096
5	.095	.095	.096	.096
6	.095	.095	.095	.096
* 34 h break *
9	.095	.095	.096	.096
10	.095	.095	.095	.096
11	.095	.095	.095	.096
12	.095	.095	.095	.096
13	.095	.095	.096	.096

******* Average brakeRT for time points **********
Day	21:00	00:00	03:00	06:00 
2	.000	.000	.000	.000
3	.000	.000	.000	.000
4	.000	.000	.000	.000
5	.000	.000	.000	.000
6	.000	.000	.000	.000
* 34 h break *
9	.000	.000	.000	.000
10	.000	.000	.000	.000
11	.000	.000	.000	.000
12	.000	.000	.000	.000
13	.000	.000	.000	.000

******* Average headingError for time points **********
Day	21:00	00:00	03:00	06:00 
2	.494	.493	.496	13.888
3	.493	.495	.496	.497
4	.493	.494	.495	.497
5	.494	.493	.495	.496
6	.494	.494	.495	.495
* 34 h break *
9	.493	.494	.494	.499
10	.493	.494	.494	.497
11	.494	.494	.494	.496
12	.493	.494	.494	.496
13	.492	.494	.494	.496

******* Average SpeedDev for time points **********
Day	21:00	00:00	03:00	06:00 
2	.000	.000	.000	.000
3	.000	.000	.000	.000
4	.000	.000	.000	.000
5	.000	.000	.000	.000
6	.000	.000	.000	.000
* 34 h break *
9	.000	.000	.000	.000
10	.000	.000	.000	.000
11	.000	.000	.000	.000
12	.000	.000	.000	.000
13	.000	.000	.000	.000

******* Fatigue BioMath values for time points **********
Day	21:00	00:00	03:00	06:00 
2	3.060	3.693	4.889	7.139
3	2.856	3.432	4.307	5.947
4	2.649	3.226	4.082	5.671
5	2.525	3.103	3.959	5.546
6	2.435	3.014	3.870	5.458
* 34 h break *
7	2.360	2.995	4.178	6.404
8	2.311	2.892	3.770	5.411
9	2.242	2.823	3.681	5.272
10	2.220	2.800	3.656	5.240
11	2.206	2.787	3.642	5.225


##############
> (run-analysis 10)

******** Results of Day A **********

******* Average LatDev for time points **********
Day	21:00	00:00	03:00	06:00 
2	.167	.167	.167	.167
3	.167	.167	.167	.167
4	.167	.167	.167	.167
5	.167	.167	.167	.167
6	.167	.167	.167	78.779
* 34 h break *
9	.396	.167	.167	.167
10	.167	.167	.167	.167
11	.167	.167	.167	.167
12	.167	.167	.167	.167
13	.167	.167	.167	.167

******* Average STEX3 for time points **********
Day	21:00	00:00	03:00	06:00 
2	13.887	13.812	14.077	14.106
3	13.922	13.852	13.987	13.988
4	13.950	14.095	13.903	13.917
5	13.809	13.872	13.951	13.812
6	13.838	14.111	14.046	13.841
* 34 h break *
9	13.845	13.954	14.004	13.955
10	13.790	13.953	13.978	13.855
11	13.760	13.903	13.875	13.942
12	13.965	13.935	13.981	13.988
13	13.897	13.876	13.915	13.943

******* Average SteeringDev for time points **********
Day	21:00	00:00	03:00	06:00 
2	.007	.005	.006	.006
3	.007	.006	.007	.009
4	.007	.008	.008	.007
5	.007	.008	.007	.006
6	.006	.007	.005	.101
* 34 h break *
9	.006	.007	.005	.006
10	.006	.005	.006	.005
11	.006	.006	.006	.007
12	.006	.006	.006	.006
13	.007	.006	.006	.007

******* Average LatVel for time points **********
Day	21:00	00:00	03:00	06:00 
2	.095	.096	.096	.096
3	.095	.095	.096	.096
4	.095	.096	.095	.095
5	.095	.095	.095	.095
6	.095	.095	.095	.279
* 34 h break *
9	.098	.095	.095	.095
10	.095	.095	.095	.095
11	.095	.095	.095	.095
12	.095	.095	.095	.095
13	.095	.095	.095	.095

******* Average brakeRT for time points **********
Day	21:00	00:00	03:00	06:00 
2	.000	.000	.000	.000
3	.000	.000	.000	.000
4	.000	.000	.000	.000
5	.000	.000	.000	.000
6	.000	.000	.000	.000
* 34 h break *
9	.000	.000	.000	.000
10	.000	.000	.000	.000
11	.000	.000	.000	.000
12	.000	.000	.000	.000
13	.000	.000	.000	.000

******* Average headingError for time points **********
Day	21:00	00:00	03:00	06:00 
2	.494	.495	.495	.495
3	.494	.494	.495	.495
4	.494	.495	.494	.495
5	.493	.494	.494	.495
6	.494	.494	.495	6.632
* 34 h break *
9	.502	.494	.494	.494
10	.493	.493	.494	.494
11	.492	.493	.494	.494
12	.494	.494	.494	.494
13	.494	.493	.494	.494

******* Average SpeedDev for time points **********
Day	21:00	00:00	03:00	06:00 
2	.000	.000	.000	.000
3	.000	.000	.000	.000
4	.000	.000	.000	.000
5	.000	.000	.000	.000
6	.000	.000	.000	.000
* 34 h break *
9	.000	.000	.000	.000
10	.000	.000	.000	.000
11	.000	.000	.000	.000
12	.000	.000	.000	.000
13	.000	.000	.000	.000

******* Fatigue BioMath values for time points **********
Day	21:00	00:00	03:00	06:00 
2	3.233	3.735	4.048	3.997
3	3.002	3.505	3.822	3.775
4	2.824	3.329	3.647	3.602
5	2.690	3.197	3.516	3.471
6	2.589	3.097	3.416	3.369
* 34 h break *
7	2.458	2.967	3.287	3.241
8	2.417	2.926	3.246	3.200
9	2.385	2.895	3.215	3.169
10	2.362	2.872	3.193	3.150
11	2.345	2.855	3.176	3.133
